5.939698492462311208e+01 6.050251256281406853e+01
4.080402010050251249e+01 6.020100502512562457e+01
5.829145728643216273e+01 7.949748743718592436e+01
4.040201005025125625e+01 7.919597989949748751e+01
5.015075376884421843e+01 6.914572864321607426e+01
5.259626574814319611e+01 7.422569800168275833e+01
5.103599121794104576e+01 6.587358256801962852e+01
4.565002407878637314e+01 7.976718440651893616e+01
4.552523141726851463e+01 6.005905242636799812e+01
5.638675257563591003e+01 6.802056033164262772e+01
4.087872175499796867e+01 7.035010492429137230e+01
5.948526892811059952e+01 7.087191706523299217e+01
4.080174721777439117e+01 7.872213447466492653e+01
5.202231448143720627e+01 6.024856084957718849e+01
5.057216836139559746e+01 7.639922903850674629e+01
5.277772082015872002e+01 7.382017366588115692e+01
5.974911089986562729e+01 7.660161679610610008e+01
5.925932786380629125e+01 6.802048437389868241e+01
4.242171056568622589e+01 7.848828196525573730e+01
4.790844982489943504e+01 7.692274607717990875e+01
5.775796303525567055e+01 6.446528961881995201e+01
5.594138935208320618e+01 6.033595219254493713e+01
5.486209165304899216e+01 7.564184507355093956e+01
4.081975922721118621e+01 7.882263769549163612e+01
5.981690462678670883e+01 6.633760998025536537e+01
4.737468657398215299e+01 6.353015680773880547e+01
6.000000000000000000e+01 7.911745376992411138e+01
4.012987028807401657e+01 7.514302527531981468e+01
5.450273781171467391e+01 6.481616969102623216e+01
5.977783266454935074e+01 6.795706773176789284e+01
5.995556214824318886e+01 7.086710380390286446e+01
4.461123373356334554e+01 7.989837321178529805e+01
5.474815143272280693e+01 6.385986678302288055e+01
4.052112178876996040e+01 7.811767432838678360e+01
4.407083405181765556e+01 6.838204760104417801e+01
5.961351742967963219e+01 6.169734807685017586e+01
5.956417353388671643e+01 6.817860444725140212e+01
4.808016875712817040e+01 8.000000000000000000e+01
5.954436442959734421e+01 6.461274253859311045e+01
5.391380067997360470e+01 6.000000000000000000e+01
4.016809402264583895e+01 7.646372258283173551e+01
4.176483960822224617e+01 6.418418981134891510e+01
5.142437059432268143e+01 6.422030948102474213e+01
4.619876766577363014e+01 7.465169096365571022e+01
5.939698492462311208e+01 6.050251256281406853e+01
4.080402010050251249e+01 6.020100502512562457e+01
5.829145728643216273e+01 7.949748743718592436e+01
4.040201005025125625e+01 7.919597989949748751e+01
5.015075376884421843e+01 6.914572864321607426e+01
5.809942245483398438e+01 7.782399749755859375e+01
4.314143371582031250e+01 7.960494995117187500e+01
4.726721954345703125e+01 7.601192474365234375e+01
4.257759475708007812e+01 6.063331985473632812e+01
5.626587677001953125e+01 7.828300476074218750e+01
4.179935836791992188e+01 6.579724884033203125e+01
5.290944671630859375e+01 6.571795654296875000e+01
5.777143096923828125e+01 7.469882202148437500e+01
4.890945434570312500e+01 6.701566314697265625e+01
5.165514373779296875e+01 6.533921051025390625e+01
5.931784439086914062e+01 7.181429290771484375e+01
5.263101959228515625e+01 6.092995452880859375e+01
5.723006820678710938e+01 7.877786254882812500e+01
5.317658233642578125e+01 6.089824295043945312e+01
4.184924697875976562e+01 6.262295913696289062e+01
5.391680145263671875e+01 6.213421630859375000e+01
4.821144104003906250e+01 6.484610748291015625e+01
5.085929107666015625e+01 6.806755065917968750e+01
4.937555313110351562e+01 6.871373748779296875e+01
4.253339004516601562e+01 6.673094177246093750e+01
5.868386459350585938e+01 6.826219177246093750e+01
5.202912521362304688e+01 7.348434448242187500e+01
5.631854629516601562e+01 6.417324829101562500e+01
5.958113861083984375e+01 6.121880722045898438e+01
5.407518005371093750e+01 6.707519531250000000e+01
4.579201889038085938e+01 6.123171615600585938e+01
4.872704315185546875e+01 7.979215240478515625e+01
4.747285079956054688e+01 7.975431823730468750e+01
4.720499420166015625e+01 7.547415161132812500e+01
5.071972656250000000e+01 7.907981872558593750e+01
5.247136688232421875e+01 7.812738037109375000e+01
5.981068420410156250e+01 6.701720428466796875e+01
4.145072555541992188e+01 6.221238327026367188e+01
5.540029907226562500e+01 7.263546752929687500e+01
4.052009582519531250e+01 6.892548370361328125e+01
5.052972793579101562e+01 7.497234344482421875e+01
4.769859313964843750e+01 6.208453750610351562e+01
4.166226196289062500e+01 7.132143402099609375e+01
4.092171859741210938e+01 7.199706268310546875e+01
