5.939698492462311208e+01 6.050251256281406853e+01
4.080402010050251249e+01 6.020100502512562457e+01
5.829145728643216273e+01 7.949748743718592436e+01
4.040201005025125625e+01 7.919597989949748751e+01
5.015075376884421843e+01 6.914572864321607426e+01
5.259626574814319611e+01 7.422569800168275833e+01
5.103599121794104576e+01 6.587358256801962852e+01
5.939698492462311208e+01 6.050251256281406853e+01
4.080402010050251249e+01 6.020100502512562457e+01
5.829145728643216273e+01 7.949748743718592436e+01
4.040201005025125625e+01 7.919597989949748751e+01
5.015075376884421843e+01 6.914572864321607426e+01
5.809942245483398438e+01 7.782399749755859375e+01
4.314143371582031250e+01 7.960494995117187500e+01
