5.939698492462311208e+01 6.050251256281406853e+01
4.080402010050251249e+01 6.020100502512562457e+01
5.829145728643216273e+01 7.949748743718592436e+01
4.040201005025125625e+01 7.919597989949748751e+01
5.015075376884421843e+01 6.914572864321607426e+01
5.259626574814319611e+01 7.422569800168275833e+01
5.103599121794104576e+01 6.587358256801962852e+01
4.565002407878637314e+01 7.976718440651893616e+01
4.552523141726851463e+01 6.005905242636799812e+01
5.638675257563591003e+01 6.802056033164262772e+01
4.087872175499796867e+01 7.035010492429137230e+01
5.948526892811059952e+01 7.087191706523299217e+01
4.080174721777439117e+01 7.872213447466492653e+01
5.202231448143720627e+01 6.024856084957718849e+01
5.057216836139559746e+01 7.639922903850674629e+01
5.277772082015872002e+01 7.382017366588115692e+01
5.974911089986562729e+01 7.660161679610610008e+01
5.925932786380629125e+01 6.802048437389868241e+01
4.242171056568622589e+01 7.848828196525573730e+01
4.790844982489943504e+01 7.692274607717990875e+01
5.775796303525567055e+01 6.446528961881995201e+01
5.939698492462311208e+01 6.050251256281406853e+01
4.080402010050251249e+01 6.020100502512562457e+01
5.829145728643216273e+01 7.949748743718592436e+01
4.040201005025125625e+01 7.919597989949748751e+01
5.015075376884421843e+01 6.914572864321607426e+01
5.809942245483398438e+01 7.782399749755859375e+01
4.314143371582031250e+01 7.960494995117187500e+01
4.726721954345703125e+01 7.601192474365234375e+01
4.257759475708007812e+01 6.063331985473632812e+01
5.626587677001953125e+01 7.828300476074218750e+01
4.179935836791992188e+01 6.579724884033203125e+01
5.290944671630859375e+01 6.571795654296875000e+01
5.777143096923828125e+01 7.469882202148437500e+01
4.890945434570312500e+01 6.701566314697265625e+01
5.165514373779296875e+01 6.533921051025390625e+01
5.931784439086914062e+01 7.181429290771484375e+01
5.263101959228515625e+01 6.092995452880859375e+01
5.723006820678710938e+01 7.877786254882812500e+01
5.317658233642578125e+01 6.089824295043945312e+01
4.184924697875976562e+01 6.262295913696289062e+01
5.391680145263671875e+01 6.213421630859375000e+01
