4.211055276381909351e+01 6.592964824120602430e+01
5.467336683417084942e+01 7.547738693467336191e+01
5.517587939698492505e+01 7.628140703517587440e+01
4.914572864321608137e+01 7.527638190954773734e+01
5.407035175879396860e+01 7.889447236180905065e+01
5.115577889447236259e+01 7.929648241206029979e+01
5.226130653266331905e+01 6.221105527638191290e+01
4.110552763819095645e+01 6.291457286432160600e+01
4.613065326633165597e+01 6.522613065326633830e+01
4.653266331658291222e+01 6.080402010050251249e+01
4.251256281407034976e+01 7.608040201005024983e+01
5.336683417085426839e+01 7.909547738693467522e+01
4.894472361809044969e+01 6.834170854271356177e+01
5.839195979899497502e+01 6.030150753768844396e+01
5.447236180904522485e+01 6.874371859296482512e+01
5.819095477386935045e+01 7.497487437185930048e+01
4.874371859296482512e+01 6.000000000000000000e+01
5.326633165829145611e+01 7.728643216080402567e+01
5.185929648241206280e+01 7.366834170854271235e+01
4.160804020100502498e+01 7.859296482412059959e+01
5.427135678391960028e+01 6.110552763819095645e+01
5.889447236180904355e+01 7.778894472361808710e+01
4.412060301507537474e+01 6.060301507537688792e+01
4.351758793969849393e+01 6.402010050251256246e+01
5.286432160804019986e+01 6.341708542713567454e+01
4.281407035175879372e+01 7.125628140703517488e+01
5.929648241206029979e+01 7.145728643216079945e+01
4.482412060301507495e+01 7.748743718592965024e+01
5.859296482412059959e+01 6.864321608040201284e+01
5.809045226130653106e+01 7.216080402010049966e+01
4.331658291457286225e+01 7.326633165829146321e+01
5.748743718592965024e+01 7.316582914572863672e+01
4.673366834170854389e+01 7.557788944723617419e+01
4.010050251256281229e+01 6.743718592964823699e+01
4.050251256281406853e+01 6.562814070351758744e+01
4.864321608040201284e+01 6.964824120603014990e+01
4.884422110552763741e+01 7.708542713567838689e+01
4.402010050251256246e+01 6.854271356783920055e+01
5.939698492462311208e+01 6.050251256281406853e+01
4.361809045226130621e+01 6.683417085427134907e+01
5.145728643216080656e+01 6.261306532663316204e+01
4.472361809045226266e+01 7.105527638190955031e+01
4.000000000000000000e+01 6.331658291457286225e+01
4.301507537688442540e+01 7.839195979899497502e+01
5.758793969849246253e+01 6.502512562814069952e+01
4.994974874371859386e+01 7.537688442211054962e+01
4.100502512562813706e+01 7.809045226130653816e+01
4.070351758793970021e+01 7.115577889447236259e+01
5.688442211055276232e+01 7.819095477386935045e+01
5.798994974874371877e+01 7.005025125628139904e+01
4.733668341708542471e+01 7.939698492462311208e+01
5.206030150753768737e+01 7.055276381909547467e+01
5.879396984924623126e+01 7.648241206030151318e+01
4.170854271356783727e+01 7.668341708542713775e+01
5.768844221105527481e+01 6.733668341708542471e+01
5.507537688442211277e+01 7.517587939698492505e+01
4.140703517587940041e+01 7.025125628140703782e+01
4.060301507537688792e+01 6.160804020100502498e+01
5.989949748743718771e+01 7.698492462311557460e+01
4.241206030150753747e+01 7.437185929648241256e+01
5.899497487437186294e+01 6.391959798994975017e+01
4.944723618090452533e+01 7.849246231155778730e+01
4.542713567839196287e+01 6.150753768844221270e+01
5.587939698492462526e+01 6.693467336683417557e+01
4.723618090452261242e+01 7.407035175879397570e+01
4.904522613065326908e+01 7.597989949748743754e+01
4.371859296482411850e+01 7.155778894472361173e+01
5.045226130653266239e+01 7.165829145728643823e+01
4.492462311557788723e+01 6.552763819095477515e+01
4.984924623115578157e+01 6.452261306532663809e+01
5.537688442211054962e+01 6.793969849246231263e+01
4.452261306532663099e+01 7.376884422110552464e+01
4.321608040201004997e+01 6.231155778894472519e+01
5.577889447236180587e+01 7.417085427135678799e+01
4.291457286432160600e+01 7.979899497487437543e+01
5.949748743718593147e+01 7.638190954773870089e+01
4.201005025125628123e+01 7.266331658291457529e+01
4.311557788944723768e+01 6.140703517587940041e+01
5.909547738693467522e+01 6.532663316582915058e+01
5.487437185929648109e+01 7.206030150753768737e+01
5.959798994974874375e+01 7.356783919597990007e+01
5.346733668341708778e+01 7.085427135678392574e+01
5.236180904522613133e+01 7.618090452261306211e+01
4.552763819095477515e+01 7.869346733668342608e+01
4.391959798994975017e+01 6.924623115577890076e+01
5.567839195979899358e+01 7.135678391959798716e+01
5.869346733668341898e+01 6.311557788944723768e+01
4.663316582914573161e+01 6.773869346733668806e+01
5.718592964824120628e+01 7.658291457286432546e+01
4.502512562814069952e+01 6.361809045226130621e+01
4.462311557788945038e+01 6.482412060301507495e+01
4.130653266331658102e+01 6.623115577889447536e+01
4.844221105527638116e+01 6.653266331658291222e+01
4.572864321608039972e+01 7.798994974874372588e+01
4.120603015075376874e+01 7.467336683417084942e+01
5.417085427135678088e+01 7.447236180904522485e+01
4.854271356783919344e+01 7.989949748743718771e+01
5.608040201005024983e+01 6.422110552763818703e+01
5.497487437185930048e+01 7.768844221105527481e+01
5.376884422110552464e+01 6.090452261306532478e+01
4.381909547738693789e+01 7.477386934673366170e+01
5.256281407035176301e+01 7.507537688442211277e+01
4.814070351758793720e+01 7.175879396984925052e+01
5.125628140703517488e+01 6.613065326633166308e+01
4.080402010050251249e+01 6.020100502512562457e+01
4.221105527638191290e+01 6.432160804020099931e+01
5.135678391959798716e+01 8.000000000000000000e+01
4.532663316582914348e+01 6.723618090452261242e+01
5.155778894472361884e+01 6.170854271356783727e+01
5.276381909547738758e+01 6.824120603015074948e+01
5.638190954773869379e+01 7.969849246231156314e+01
6.000000000000000000e+01 6.492462311557788723e+01
4.271356783919598143e+01 7.718592964824119917e+01
4.422110552763819413e+01 6.442211055276382581e+01
4.592964824120603140e+01 7.195979899497487509e+01
5.597989949748743754e+01 6.100502512562813706e+01
5.708542713567839400e+01 6.070351758793970021e+01
5.698492462311557460e+01 7.587939698492462526e+01
4.562814070351758744e+01 7.306532663316582443e+01
5.829145728643216273e+01 7.949748743718592436e+01
5.246231155778894362e+01 6.010050251256281229e+01
4.753768844221105638e+01 7.296482412060301215e+01
5.306532663316583154e+01 6.271356783919598143e+01
5.849246231155778730e+01 6.643216080402009993e+01
5.005025125628140614e+01 6.251256281407034976e+01
4.633165829145728765e+01 6.211055276381909351e+01
5.216080402010049966e+01 6.381909547738693789e+01
4.974874371859296218e+01 7.346733668341708778e+01
4.442211055276381870e+01 7.567839195979900069e+01
4.743718592964824410e+01 6.633165829145728765e+01
4.783919597989950034e+01 6.814070351758793720e+01
4.180904522613064955e+01 7.427135678391960028e+01
4.432160804020100642e+01 7.879396984924622416e+01
4.512562814070351891e+01 7.396984924623114921e+01
4.924623115577889365e+01 7.336683417085427550e+01
4.964824120603014990e+01 6.572864321608039972e+01
5.025125628140703782e+01 7.286432160804019986e+01
4.040201005025125625e+01 7.919597989949748751e+01
4.834170854271356887e+01 7.045226130653266239e+01
5.075376884422110635e+01 7.457286432160803713e+01
4.804020100502512491e+01 7.829145728643216273e+01
5.788944723618090649e+01 6.190954773869346894e+01
5.648241206030150607e+01 6.472361809045226266e+01
5.266331658291457529e+01 7.185929648241206280e+01
4.693467336683416846e+01 6.894472361809044969e+01
4.090452261306532478e+01 6.884422110552763741e+01
5.728643216080401857e+01 6.371859296482411850e+01
4.150753768844221270e+01 6.130653266331658102e+01
5.618090452261306211e+01 6.603015075376885079e+01
5.628140703517588150e+01 7.015075376884422553e+01
5.477386934673366881e+01 7.959798994974875086e+01
5.085427135678391863e+01 7.095477386934673802e+01
5.527638190954773734e+01 6.954773869346733761e+01
5.668341708542713775e+01 6.301507537688442540e+01
4.763819095477386867e+01 6.462311557788945038e+01
5.015075376884421843e+01 6.914572864321607426e+01
5.396984924623115631e+01 7.035175879396985010e+01
4.190954773869346894e+01 6.844221105527638827e+01
5.316582914572864382e+01 7.487437185929648820e+01
5.055276381909547467e+01 6.753768844221104928e+01
4.582914572864321201e+01 6.040201005025125625e+01
4.231155778894472519e+01 6.804020100502512491e+01
5.778894472361808710e+01 7.065326633165828696e+01
4.683417085427135618e+01 6.180904522613064955e+01
5.175879396984924341e+01 6.783919597989950034e+01
4.793969849246231263e+01 7.899497487437186294e+01
5.195979899497487509e+01 7.236180904522612423e+01
4.773869346733668095e+01 6.904522613065326198e+01
5.296482412060301215e+01 7.246231155778895072e+01
4.261306532663316204e+01 7.226130653266331194e+01
4.713567839195980014e+01 7.788944723618089938e+01
5.557788944723618130e+01 6.542713567839196287e+01
4.603015075376884369e+01 6.974874371859296218e+01
5.035175879396985010e+01 6.351758793969849393e+01
5.969849246231156314e+01 6.984924623115577447e+01
5.095477386934673802e+01 6.201005025125628123e+01
4.341708542713567454e+01 6.281407035175879372e+01
5.437185929648241256e+01 6.944723618090452533e+01
5.065326633165829406e+01 7.678391959798995003e+01
5.658291457286432546e+01 7.256281407035176301e+01
4.703517587939698785e+01 7.758793969849246253e+01
4.824120603015075659e+01 6.713567839195980014e+01
4.623115577889447536e+01 6.412060301507537474e+01
5.165829145728643113e+01 6.512562814070351180e+01
4.030150753768844396e+01 6.241206030150753747e+01
5.356783919597990007e+01 7.688442211055276232e+01
5.738693467336683796e+01 6.663316582914572450e+01
5.919597989949748751e+01 6.120603015075376874e+01
5.105527638190955031e+01 6.763819095477387577e+01
4.643216080402009993e+01 7.075376884422109924e+01
5.366834170854271235e+01 7.386934673366833692e+01
5.457286432160803713e+01 6.703517587939698785e+01
5.678391959798995003e+01 6.934673366834171304e+01
4.020100502512562457e+01 7.577889447236181297e+01
5.547738693467336901e+01 6.673366834170853679e+01
5.386934673366834403e+01 6.582914572864321201e+01
4.954773869346733761e+01 7.738693467336683796e+01
4.522613065326633119e+01 6.994974874371858675e+01
5.979899497487437543e+01 7.276381909547738758e+01
4.934673366834170594e+01 6.321608040201004997e+01
5.259626574814319611e+01 7.422569800168275833e+01
5.103599121794104576e+01 6.587358256801962852e+01
4.565002407878637314e+01 7.976718440651893616e+01
4.552523141726851463e+01 6.005905242636799812e+01
5.638675257563591003e+01 6.802056033164262772e+01
4.087872175499796867e+01 7.035010492429137230e+01
5.948526892811059952e+01 7.087191706523299217e+01
4.080174721777439117e+01 7.872213447466492653e+01
5.202231448143720627e+01 6.024856084957718849e+01
5.057216836139559746e+01 7.639922903850674629e+01
5.277772082015872002e+01 7.382017366588115692e+01
5.974911089986562729e+01 7.660161679610610008e+01
5.925932786380629125e+01 6.802048437389868241e+01
4.242171056568622589e+01 7.848828196525573730e+01
4.790844982489943504e+01 7.692274607717990875e+01
4.211055276381909351e+01 6.592964824120602430e+01
5.467336683417084942e+01 7.547738693467336191e+01
5.517587939698492505e+01 7.628140703517587440e+01
4.914572864321608137e+01 7.527638190954773734e+01
5.407035175879396860e+01 7.889447236180905065e+01
5.115577889447236259e+01 7.929648241206029979e+01
5.226130653266331905e+01 6.221105527638191290e+01
4.110552763819095645e+01 6.291457286432160600e+01
4.613065326633165597e+01 6.522613065326633830e+01
4.653266331658291222e+01 6.080402010050251249e+01
4.251256281407034976e+01 7.608040201005024983e+01
5.336683417085426839e+01 7.909547738693467522e+01
4.894472361809044969e+01 6.834170854271356177e+01
5.839195979899497502e+01 6.030150753768844396e+01
5.447236180904522485e+01 6.874371859296482512e+01
5.819095477386935045e+01 7.497487437185930048e+01
4.874371859296482512e+01 6.000000000000000000e+01
5.326633165829145611e+01 7.728643216080402567e+01
5.185929648241206280e+01 7.366834170854271235e+01
4.160804020100502498e+01 7.859296482412059959e+01
5.427135678391960028e+01 6.110552763819095645e+01
5.889447236180904355e+01 7.778894472361808710e+01
4.412060301507537474e+01 6.060301507537688792e+01
4.351758793969849393e+01 6.402010050251256246e+01
5.286432160804019986e+01 6.341708542713567454e+01
4.281407035175879372e+01 7.125628140703517488e+01
5.929648241206029979e+01 7.145728643216079945e+01
4.482412060301507495e+01 7.748743718592965024e+01
5.859296482412059959e+01 6.864321608040201284e+01
5.809045226130653106e+01 7.216080402010049966e+01
4.331658291457286225e+01 7.326633165829146321e+01
5.748743718592965024e+01 7.316582914572863672e+01
4.673366834170854389e+01 7.557788944723617419e+01
4.010050251256281229e+01 6.743718592964823699e+01
4.050251256281406853e+01 6.562814070351758744e+01
4.864321608040201284e+01 6.964824120603014990e+01
4.884422110552763741e+01 7.708542713567838689e+01
4.402010050251256246e+01 6.854271356783920055e+01
5.939698492462311208e+01 6.050251256281406853e+01
4.361809045226130621e+01 6.683417085427134907e+01
5.145728643216080656e+01 6.261306532663316204e+01
4.472361809045226266e+01 7.105527638190955031e+01
4.000000000000000000e+01 6.331658291457286225e+01
4.301507537688442540e+01 7.839195979899497502e+01
5.758793969849246253e+01 6.502512562814069952e+01
4.994974874371859386e+01 7.537688442211054962e+01
4.100502512562813706e+01 7.809045226130653816e+01
4.070351758793970021e+01 7.115577889447236259e+01
5.688442211055276232e+01 7.819095477386935045e+01
5.798994974874371877e+01 7.005025125628139904e+01
4.733668341708542471e+01 7.939698492462311208e+01
5.206030150753768737e+01 7.055276381909547467e+01
5.879396984924623126e+01 7.648241206030151318e+01
4.170854271356783727e+01 7.668341708542713775e+01
5.768844221105527481e+01 6.733668341708542471e+01
5.507537688442211277e+01 7.517587939698492505e+01
4.140703517587940041e+01 7.025125628140703782e+01
4.060301507537688792e+01 6.160804020100502498e+01
5.989949748743718771e+01 7.698492462311557460e+01
4.241206030150753747e+01 7.437185929648241256e+01
5.899497487437186294e+01 6.391959798994975017e+01
4.944723618090452533e+01 7.849246231155778730e+01
4.542713567839196287e+01 6.150753768844221270e+01
5.587939698492462526e+01 6.693467336683417557e+01
4.723618090452261242e+01 7.407035175879397570e+01
4.904522613065326908e+01 7.597989949748743754e+01
4.371859296482411850e+01 7.155778894472361173e+01
5.045226130653266239e+01 7.165829145728643823e+01
4.492462311557788723e+01 6.552763819095477515e+01
4.984924623115578157e+01 6.452261306532663809e+01
5.537688442211054962e+01 6.793969849246231263e+01
4.452261306532663099e+01 7.376884422110552464e+01
4.321608040201004997e+01 6.231155778894472519e+01
5.577889447236180587e+01 7.417085427135678799e+01
4.291457286432160600e+01 7.979899497487437543e+01
5.949748743718593147e+01 7.638190954773870089e+01
4.201005025125628123e+01 7.266331658291457529e+01
4.311557788944723768e+01 6.140703517587940041e+01
5.909547738693467522e+01 6.532663316582915058e+01
5.487437185929648109e+01 7.206030150753768737e+01
5.959798994974874375e+01 7.356783919597990007e+01
5.346733668341708778e+01 7.085427135678392574e+01
5.236180904522613133e+01 7.618090452261306211e+01
4.552763819095477515e+01 7.869346733668342608e+01
4.391959798994975017e+01 6.924623115577890076e+01
5.567839195979899358e+01 7.135678391959798716e+01
5.869346733668341898e+01 6.311557788944723768e+01
4.663316582914573161e+01 6.773869346733668806e+01
5.718592964824120628e+01 7.658291457286432546e+01
4.502512562814069952e+01 6.361809045226130621e+01
4.462311557788945038e+01 6.482412060301507495e+01
4.130653266331658102e+01 6.623115577889447536e+01
4.844221105527638116e+01 6.653266331658291222e+01
4.572864321608039972e+01 7.798994974874372588e+01
4.120603015075376874e+01 7.467336683417084942e+01
5.417085427135678088e+01 7.447236180904522485e+01
4.854271356783919344e+01 7.989949748743718771e+01
5.608040201005024983e+01 6.422110552763818703e+01
5.497487437185930048e+01 7.768844221105527481e+01
5.376884422110552464e+01 6.090452261306532478e+01
4.381909547738693789e+01 7.477386934673366170e+01
5.256281407035176301e+01 7.507537688442211277e+01
4.814070351758793720e+01 7.175879396984925052e+01
5.125628140703517488e+01 6.613065326633166308e+01
4.080402010050251249e+01 6.020100502512562457e+01
4.221105527638191290e+01 6.432160804020099931e+01
5.135678391959798716e+01 8.000000000000000000e+01
4.532663316582914348e+01 6.723618090452261242e+01
5.155778894472361884e+01 6.170854271356783727e+01
5.276381909547738758e+01 6.824120603015074948e+01
5.638190954773869379e+01 7.969849246231156314e+01
6.000000000000000000e+01 6.492462311557788723e+01
4.271356783919598143e+01 7.718592964824119917e+01
4.422110552763819413e+01 6.442211055276382581e+01
4.592964824120603140e+01 7.195979899497487509e+01
5.597989949748743754e+01 6.100502512562813706e+01
5.708542713567839400e+01 6.070351758793970021e+01
5.698492462311557460e+01 7.587939698492462526e+01
4.562814070351758744e+01 7.306532663316582443e+01
5.829145728643216273e+01 7.949748743718592436e+01
5.246231155778894362e+01 6.010050251256281229e+01
4.753768844221105638e+01 7.296482412060301215e+01
5.306532663316583154e+01 6.271356783919598143e+01
5.849246231155778730e+01 6.643216080402009993e+01
5.005025125628140614e+01 6.251256281407034976e+01
4.633165829145728765e+01 6.211055276381909351e+01
5.216080402010049966e+01 6.381909547738693789e+01
4.974874371859296218e+01 7.346733668341708778e+01
4.442211055276381870e+01 7.567839195979900069e+01
4.743718592964824410e+01 6.633165829145728765e+01
4.783919597989950034e+01 6.814070351758793720e+01
4.180904522613064955e+01 7.427135678391960028e+01
4.432160804020100642e+01 7.879396984924622416e+01
4.512562814070351891e+01 7.396984924623114921e+01
4.924623115577889365e+01 7.336683417085427550e+01
4.964824120603014990e+01 6.572864321608039972e+01
5.025125628140703782e+01 7.286432160804019986e+01
4.040201005025125625e+01 7.919597989949748751e+01
4.834170854271356887e+01 7.045226130653266239e+01
5.075376884422110635e+01 7.457286432160803713e+01
4.804020100502512491e+01 7.829145728643216273e+01
5.788944723618090649e+01 6.190954773869346894e+01
5.648241206030150607e+01 6.472361809045226266e+01
5.266331658291457529e+01 7.185929648241206280e+01
4.693467336683416846e+01 6.894472361809044969e+01
4.090452261306532478e+01 6.884422110552763741e+01
5.728643216080401857e+01 6.371859296482411850e+01
4.150753768844221270e+01 6.130653266331658102e+01
5.618090452261306211e+01 6.603015075376885079e+01
5.628140703517588150e+01 7.015075376884422553e+01
5.477386934673366881e+01 7.959798994974875086e+01
5.085427135678391863e+01 7.095477386934673802e+01
5.527638190954773734e+01 6.954773869346733761e+01
5.668341708542713775e+01 6.301507537688442540e+01
4.763819095477386867e+01 6.462311557788945038e+01
5.015075376884421843e+01 6.914572864321607426e+01
5.396984924623115631e+01 7.035175879396985010e+01
4.190954773869346894e+01 6.844221105527638827e+01
5.316582914572864382e+01 7.487437185929648820e+01
5.055276381909547467e+01 6.753768844221104928e+01
4.582914572864321201e+01 6.040201005025125625e+01
4.231155778894472519e+01 6.804020100502512491e+01
5.778894472361808710e+01 7.065326633165828696e+01
4.683417085427135618e+01 6.180904522613064955e+01
5.175879396984924341e+01 6.783919597989950034e+01
4.793969849246231263e+01 7.899497487437186294e+01
5.195979899497487509e+01 7.236180904522612423e+01
4.773869346733668095e+01 6.904522613065326198e+01
5.296482412060301215e+01 7.246231155778895072e+01
4.261306532663316204e+01 7.226130653266331194e+01
4.713567839195980014e+01 7.788944723618089938e+01
5.557788944723618130e+01 6.542713567839196287e+01
4.603015075376884369e+01 6.974874371859296218e+01
5.035175879396985010e+01 6.351758793969849393e+01
5.969849246231156314e+01 6.984924623115577447e+01
5.095477386934673802e+01 6.201005025125628123e+01
4.341708542713567454e+01 6.281407035175879372e+01
5.437185929648241256e+01 6.944723618090452533e+01
5.065326633165829406e+01 7.678391959798995003e+01
5.658291457286432546e+01 7.256281407035176301e+01
4.703517587939698785e+01 7.758793969849246253e+01
4.824120603015075659e+01 6.713567839195980014e+01
4.623115577889447536e+01 6.412060301507537474e+01
5.165829145728643113e+01 6.512562814070351180e+01
4.030150753768844396e+01 6.241206030150753747e+01
5.356783919597990007e+01 7.688442211055276232e+01
5.738693467336683796e+01 6.663316582914572450e+01
5.919597989949748751e+01 6.120603015075376874e+01
5.105527638190955031e+01 6.763819095477387577e+01
4.643216080402009993e+01 7.075376884422109924e+01
5.366834170854271235e+01 7.386934673366833692e+01
5.457286432160803713e+01 6.703517587939698785e+01
5.678391959798995003e+01 6.934673366834171304e+01
4.020100502512562457e+01 7.577889447236181297e+01
5.547738693467336901e+01 6.673366834170853679e+01
5.386934673366834403e+01 6.582914572864321201e+01
4.954773869346733761e+01 7.738693467336683796e+01
4.522613065326633119e+01 6.994974874371858675e+01
5.979899497487437543e+01 7.276381909547738758e+01
4.934673366834170594e+01 6.321608040201004997e+01
5.809942245483398438e+01 7.782399749755859375e+01
4.314143371582031250e+01 7.960494995117187500e+01
4.726721954345703125e+01 7.601192474365234375e+01
4.257759475708007812e+01 6.063331985473632812e+01
5.626587677001953125e+01 7.828300476074218750e+01
4.179935836791992188e+01 6.579724884033203125e+01
5.290944671630859375e+01 6.571795654296875000e+01
5.777143096923828125e+01 7.469882202148437500e+01
4.890945434570312500e+01 6.701566314697265625e+01
5.165514373779296875e+01 6.533921051025390625e+01
5.931784439086914062e+01 7.181429290771484375e+01
5.263101959228515625e+01 6.092995452880859375e+01
5.723006820678710938e+01 7.877786254882812500e+01
5.317658233642578125e+01 6.089824295043945312e+01
4.184924697875976562e+01 6.262295913696289062e+01
