5.939698492462311208e+01 6.050251256281406853e+01
4.080402010050251249e+01 6.020100502512562457e+01
5.829145728643216273e+01 7.949748743718592436e+01
4.040201005025125625e+01 7.919597989949748751e+01
5.015075376884421843e+01 6.914572864321607426e+01
4.870197284966707230e+01 7.168341994285583496e+01
5.312675517052412033e+01 7.976807994768023491e+01
4.467108985409140587e+01 7.050541946664452553e+01
4.292135434225201607e+01 6.221449691802263260e+01
6.000000000000000000e+01 7.638739982768393588e+01
5.141478240489959717e+01 6.006888523697853088e+01
5.954552622511982918e+01 6.688185662031173706e+01
4.018958780914545059e+01 7.467100359499454498e+01
4.352641513571143150e+01 7.938187189400196075e+01
5.779721699655056000e+01 6.479667890816926956e+01
5.759140458851332056e+01 6.000000000000000000e+01
5.608568534255027771e+01 6.647007483989000320e+01
5.484125298538767623e+01 6.069736998990960331e+01
5.987287867814302444e+01 7.007067078724503517e+01
4.991705648601055145e+01 7.509049182757735252e+01
4.940702967345714569e+01 6.568291891366243362e+01
5.773637018101820928e+01 6.453649279732610466e+01
5.189141854643821716e+01 7.057386783882975578e+01
4.420386537893058687e+01 8.000000000000000000e+01
5.725656356662511826e+01 6.800853390246629715e+01
5.653464110067078252e+01 6.392151089284590881e+01
5.949909605085849762e+01 6.151297492906451225e+01
4.741727374494075775e+01 7.262386459857225418e+01
4.430668757976351202e+01 7.903914723450334634e+01
4.440526230092245186e+01 7.965357291430002817e+01
4.842061009258031845e+01 6.768037674948573112e+01
5.954184437170624733e+01 7.825201457366347313e+01
5.102831628173589706e+01 6.816915757954120636e+01
4.309193171560764313e+01 7.372007044032216072e+01
4.105161696672439575e+01 6.123473007231950760e+01
5.408680019571259123e+01 6.222222464915115125e+01
5.939698492462311208e+01 6.050251256281406853e+01
4.080402010050251249e+01 6.020100502512562457e+01
5.829145728643216273e+01 7.949748743718592436e+01
4.040201005025125625e+01 7.919597989949748751e+01
5.015075376884421843e+01 6.914572864321607426e+01
5.313951110839843750e+01 7.472003173828125000e+01
5.543978118896484375e+01 6.504966735839843750e+01
4.942038345336914062e+01 6.210094070434570312e+01
4.657443618774414062e+01 7.484822082519531250e+01
4.092910385131835938e+01 6.854248809814453125e+01
5.874085998535156250e+01 6.304003143310546875e+01
4.065352249145507812e+01 6.145152664184570312e+01
5.777523040771484375e+01 7.705080413818359375e+01
5.832201385498046875e+01 6.889125061035156250e+01
4.836757278442382812e+01 6.884241485595703125e+01
4.636205291748046875e+01 6.895900726318359375e+01
4.452873229980468750e+01 7.754623413085937500e+01
5.242504882812500000e+01 7.325271606445312500e+01
5.313367080688476562e+01 7.446219635009765625e+01
5.406939697265625000e+01 6.575875854492187500e+01
4.265683364868164062e+01 7.890782165527343750e+01
4.504440307617187500e+01 7.201803588867187500e+01
5.786945343017578125e+01 6.337593078613281250e+01
4.655697631835937500e+01 7.682920837402343750e+01
4.601974105834960938e+01 7.279490661621093750e+01
4.174928665161132812e+01 7.668247985839843750e+01
4.250430297851562500e+01 6.771270751953125000e+01
4.541445159912109375e+01 7.317321014404296875e+01
5.969932556152343750e+01 6.197285461425781250e+01
4.883112335205078125e+01 7.758229827880859375e+01
5.481870269775390625e+01 7.073674011230468750e+01
4.615370178222656250e+01 7.144500732421875000e+01
4.384715270996093750e+01 6.422757720947265625e+01
4.925336456298828125e+01 6.019699859619140625e+01
5.349668121337890625e+01 6.452086639404296875e+01
4.716578674316406250e+01 7.182861328125000000e+01
