5.939698492462311208e+01 6.050251256281406853e+01
4.080402010050251249e+01 6.020100502512562457e+01
5.829145728643216273e+01 7.949748743718592436e+01
4.040201005025125625e+01 7.919597989949748751e+01
5.015075376884421843e+01 6.914572864321607426e+01
4.870197284966707230e+01 7.168341994285583496e+01
5.312675517052412033e+01 7.976807994768023491e+01
4.467108985409140587e+01 7.050541946664452553e+01
4.292135434225201607e+01 6.221449691802263260e+01
6.000000000000000000e+01 7.638739982768393588e+01
5.141478240489959717e+01 6.006888523697853088e+01
5.954552622511982918e+01 6.688185662031173706e+01
4.018958780914545059e+01 7.467100359499454498e+01
4.352641513571143150e+01 7.938187189400196075e+01
5.779721699655056000e+01 6.479667890816926956e+01
5.759140458851332056e+01 6.000000000000000000e+01
5.608568534255027771e+01 6.647007483989000320e+01
5.484125298538767623e+01 6.069736998990960331e+01
5.987287867814302444e+01 7.007067078724503517e+01
4.991705648601055145e+01 7.509049182757735252e+01
4.940702967345714569e+01 6.568291891366243362e+01
5.773637018101820928e+01 6.453649279732610466e+01
5.189141854643821716e+01 7.057386783882975578e+01
5.939698492462311208e+01 6.050251256281406853e+01
4.080402010050251249e+01 6.020100502512562457e+01
5.829145728643216273e+01 7.949748743718592436e+01
4.040201005025125625e+01 7.919597989949748751e+01
5.015075376884421843e+01 6.914572864321607426e+01
5.313951110839843750e+01 7.472003173828125000e+01
5.543978118896484375e+01 6.504966735839843750e+01
4.942038345336914062e+01 6.210094070434570312e+01
4.657443618774414062e+01 7.484822082519531250e+01
4.092910385131835938e+01 6.854248809814453125e+01
5.874085998535156250e+01 6.304003143310546875e+01
4.065352249145507812e+01 6.145152664184570312e+01
5.777523040771484375e+01 7.705080413818359375e+01
5.832201385498046875e+01 6.889125061035156250e+01
4.836757278442382812e+01 6.884241485595703125e+01
4.636205291748046875e+01 6.895900726318359375e+01
4.452873229980468750e+01 7.754623413085937500e+01
5.242504882812500000e+01 7.325271606445312500e+01
5.313367080688476562e+01 7.446219635009765625e+01
5.406939697265625000e+01 6.575875854492187500e+01
4.265683364868164062e+01 7.890782165527343750e+01
4.504440307617187500e+01 7.201803588867187500e+01
5.786945343017578125e+01 6.337593078613281250e+01
