5.939698492462311208e+01 6.050251256281406853e+01
4.080402010050251249e+01 6.020100502512562457e+01
5.829145728643216273e+01 7.949748743718592436e+01
4.040201005025125625e+01 7.919597989949748751e+01
5.015075376884421843e+01 6.914572864321607426e+01
4.870197284966707230e+01 7.168341994285583496e+01
5.312675517052412033e+01 7.976807994768023491e+01
4.467108985409140587e+01 7.050541946664452553e+01
4.292135434225201607e+01 6.221449691802263260e+01
5.939698492462311208e+01 6.050251256281406853e+01
4.080402010050251249e+01 6.020100502512562457e+01
5.829145728643216273e+01 7.949748743718592436e+01
4.040201005025125625e+01 7.919597989949748751e+01
5.015075376884421843e+01 6.914572864321607426e+01
5.313951110839843750e+01 7.472003173828125000e+01
5.543978118896484375e+01 6.504966735839843750e+01
4.942038345336914062e+01 6.210094070434570312e+01
4.657443618774414062e+01 7.484822082519531250e+01
