4.211055276381909351e+01 6.592964824120602430e+01
5.467336683417084942e+01 7.547738693467336191e+01
5.517587939698492505e+01 7.628140703517587440e+01
4.914572864321608137e+01 7.527638190954773734e+01
5.407035175879396860e+01 7.889447236180905065e+01
5.115577889447236259e+01 7.929648241206029979e+01
5.226130653266331905e+01 6.221105527638191290e+01
4.110552763819095645e+01 6.291457286432160600e+01
4.613065326633165597e+01 6.522613065326633830e+01
4.653266331658291222e+01 6.080402010050251249e+01
4.251256281407034976e+01 7.608040201005024983e+01
5.336683417085426839e+01 7.909547738693467522e+01
4.894472361809044969e+01 6.834170854271356177e+01
5.839195979899497502e+01 6.030150753768844396e+01
5.447236180904522485e+01 6.874371859296482512e+01
5.819095477386935045e+01 7.497487437185930048e+01
4.874371859296482512e+01 6.000000000000000000e+01
5.326633165829145611e+01 7.728643216080402567e+01
5.185929648241206280e+01 7.366834170854271235e+01
4.160804020100502498e+01 7.859296482412059959e+01
5.427135678391960028e+01 6.110552763819095645e+01
5.889447236180904355e+01 7.778894472361808710e+01
4.412060301507537474e+01 6.060301507537688792e+01
4.351758793969849393e+01 6.402010050251256246e+01
5.286432160804019986e+01 6.341708542713567454e+01
4.281407035175879372e+01 7.125628140703517488e+01
5.929648241206029979e+01 7.145728643216079945e+01
4.482412060301507495e+01 7.748743718592965024e+01
5.859296482412059959e+01 6.864321608040201284e+01
5.809045226130653106e+01 7.216080402010049966e+01
4.331658291457286225e+01 7.326633165829146321e+01
5.748743718592965024e+01 7.316582914572863672e+01
4.673366834170854389e+01 7.557788944723617419e+01
4.010050251256281229e+01 6.743718592964823699e+01
4.050251256281406853e+01 6.562814070351758744e+01
4.864321608040201284e+01 6.964824120603014990e+01
4.884422110552763741e+01 7.708542713567838689e+01
4.402010050251256246e+01 6.854271356783920055e+01
5.939698492462311208e+01 6.050251256281406853e+01
4.361809045226130621e+01 6.683417085427134907e+01
5.145728643216080656e+01 6.261306532663316204e+01
4.472361809045226266e+01 7.105527638190955031e+01
4.000000000000000000e+01 6.331658291457286225e+01
4.301507537688442540e+01 7.839195979899497502e+01
5.758793969849246253e+01 6.502512562814069952e+01
4.994974874371859386e+01 7.537688442211054962e+01
4.100502512562813706e+01 7.809045226130653816e+01
4.070351758793970021e+01 7.115577889447236259e+01
5.688442211055276232e+01 7.819095477386935045e+01
5.798994974874371877e+01 7.005025125628139904e+01
4.733668341708542471e+01 7.939698492462311208e+01
5.206030150753768737e+01 7.055276381909547467e+01
5.879396984924623126e+01 7.648241206030151318e+01
4.170854271356783727e+01 7.668341708542713775e+01
5.768844221105527481e+01 6.733668341708542471e+01
5.507537688442211277e+01 7.517587939698492505e+01
4.140703517587940041e+01 7.025125628140703782e+01
4.060301507537688792e+01 6.160804020100502498e+01
5.989949748743718771e+01 7.698492462311557460e+01
4.241206030150753747e+01 7.437185929648241256e+01
5.899497487437186294e+01 6.391959798994975017e+01
4.944723618090452533e+01 7.849246231155778730e+01
4.542713567839196287e+01 6.150753768844221270e+01
5.587939698492462526e+01 6.693467336683417557e+01
4.723618090452261242e+01 7.407035175879397570e+01
4.904522613065326908e+01 7.597989949748743754e+01
4.371859296482411850e+01 7.155778894472361173e+01
5.045226130653266239e+01 7.165829145728643823e+01
4.492462311557788723e+01 6.552763819095477515e+01
4.984924623115578157e+01 6.452261306532663809e+01
5.537688442211054962e+01 6.793969849246231263e+01
4.452261306532663099e+01 7.376884422110552464e+01
4.321608040201004997e+01 6.231155778894472519e+01
5.577889447236180587e+01 7.417085427135678799e+01
4.291457286432160600e+01 7.979899497487437543e+01
5.949748743718593147e+01 7.638190954773870089e+01
4.201005025125628123e+01 7.266331658291457529e+01
4.311557788944723768e+01 6.140703517587940041e+01
5.909547738693467522e+01 6.532663316582915058e+01
5.487437185929648109e+01 7.206030150753768737e+01
5.959798994974874375e+01 7.356783919597990007e+01
5.346733668341708778e+01 7.085427135678392574e+01
5.236180904522613133e+01 7.618090452261306211e+01
4.552763819095477515e+01 7.869346733668342608e+01
4.391959798994975017e+01 6.924623115577890076e+01
5.567839195979899358e+01 7.135678391959798716e+01
5.869346733668341898e+01 6.311557788944723768e+01
4.663316582914573161e+01 6.773869346733668806e+01
5.718592964824120628e+01 7.658291457286432546e+01
4.502512562814069952e+01 6.361809045226130621e+01
4.462311557788945038e+01 6.482412060301507495e+01
4.130653266331658102e+01 6.623115577889447536e+01
4.844221105527638116e+01 6.653266331658291222e+01
4.572864321608039972e+01 7.798994974874372588e+01
4.120603015075376874e+01 7.467336683417084942e+01
5.417085427135678088e+01 7.447236180904522485e+01
4.854271356783919344e+01 7.989949748743718771e+01
5.608040201005024983e+01 6.422110552763818703e+01
5.497487437185930048e+01 7.768844221105527481e+01
5.376884422110552464e+01 6.090452261306532478e+01
4.381909547738693789e+01 7.477386934673366170e+01
5.256281407035176301e+01 7.507537688442211277e+01
4.814070351758793720e+01 7.175879396984925052e+01
5.125628140703517488e+01 6.613065326633166308e+01
4.080402010050251249e+01 6.020100502512562457e+01
4.221105527638191290e+01 6.432160804020099931e+01
5.135678391959798716e+01 8.000000000000000000e+01
4.532663316582914348e+01 6.723618090452261242e+01
5.155778894472361884e+01 6.170854271356783727e+01
5.276381909547738758e+01 6.824120603015074948e+01
5.638190954773869379e+01 7.969849246231156314e+01
6.000000000000000000e+01 6.492462311557788723e+01
4.271356783919598143e+01 7.718592964824119917e+01
4.422110552763819413e+01 6.442211055276382581e+01
4.592964824120603140e+01 7.195979899497487509e+01
5.597989949748743754e+01 6.100502512562813706e+01
5.708542713567839400e+01 6.070351758793970021e+01
5.698492462311557460e+01 7.587939698492462526e+01
4.562814070351758744e+01 7.306532663316582443e+01
5.829145728643216273e+01 7.949748743718592436e+01
5.246231155778894362e+01 6.010050251256281229e+01
4.753768844221105638e+01 7.296482412060301215e+01
5.306532663316583154e+01 6.271356783919598143e+01
5.849246231155778730e+01 6.643216080402009993e+01
5.005025125628140614e+01 6.251256281407034976e+01
4.633165829145728765e+01 6.211055276381909351e+01
5.216080402010049966e+01 6.381909547738693789e+01
4.974874371859296218e+01 7.346733668341708778e+01
4.442211055276381870e+01 7.567839195979900069e+01
4.743718592964824410e+01 6.633165829145728765e+01
4.783919597989950034e+01 6.814070351758793720e+01
4.180904522613064955e+01 7.427135678391960028e+01
4.432160804020100642e+01 7.879396984924622416e+01
4.512562814070351891e+01 7.396984924623114921e+01
4.924623115577889365e+01 7.336683417085427550e+01
4.964824120603014990e+01 6.572864321608039972e+01
5.025125628140703782e+01 7.286432160804019986e+01
4.040201005025125625e+01 7.919597989949748751e+01
4.834170854271356887e+01 7.045226130653266239e+01
5.075376884422110635e+01 7.457286432160803713e+01
4.804020100502512491e+01 7.829145728643216273e+01
5.788944723618090649e+01 6.190954773869346894e+01
5.648241206030150607e+01 6.472361809045226266e+01
5.266331658291457529e+01 7.185929648241206280e+01
4.693467336683416846e+01 6.894472361809044969e+01
4.090452261306532478e+01 6.884422110552763741e+01
5.728643216080401857e+01 6.371859296482411850e+01
4.150753768844221270e+01 6.130653266331658102e+01
5.618090452261306211e+01 6.603015075376885079e+01
5.628140703517588150e+01 7.015075376884422553e+01
5.477386934673366881e+01 7.959798994974875086e+01
5.085427135678391863e+01 7.095477386934673802e+01
5.527638190954773734e+01 6.954773869346733761e+01
5.668341708542713775e+01 6.301507537688442540e+01
4.763819095477386867e+01 6.462311557788945038e+01
5.015075376884421843e+01 6.914572864321607426e+01
5.396984924623115631e+01 7.035175879396985010e+01
4.190954773869346894e+01 6.844221105527638827e+01
5.316582914572864382e+01 7.487437185929648820e+01
5.055276381909547467e+01 6.753768844221104928e+01
4.582914572864321201e+01 6.040201005025125625e+01
4.231155778894472519e+01 6.804020100502512491e+01
5.778894472361808710e+01 7.065326633165828696e+01
4.683417085427135618e+01 6.180904522613064955e+01
5.175879396984924341e+01 6.783919597989950034e+01
4.793969849246231263e+01 7.899497487437186294e+01
5.195979899497487509e+01 7.236180904522612423e+01
4.773869346733668095e+01 6.904522613065326198e+01
5.296482412060301215e+01 7.246231155778895072e+01
4.261306532663316204e+01 7.226130653266331194e+01
4.713567839195980014e+01 7.788944723618089938e+01
5.557788944723618130e+01 6.542713567839196287e+01
4.603015075376884369e+01 6.974874371859296218e+01
5.035175879396985010e+01 6.351758793969849393e+01
5.969849246231156314e+01 6.984924623115577447e+01
5.095477386934673802e+01 6.201005025125628123e+01
4.341708542713567454e+01 6.281407035175879372e+01
5.437185929648241256e+01 6.944723618090452533e+01
5.065326633165829406e+01 7.678391959798995003e+01
5.658291457286432546e+01 7.256281407035176301e+01
4.703517587939698785e+01 7.758793969849246253e+01
4.824120603015075659e+01 6.713567839195980014e+01
4.623115577889447536e+01 6.412060301507537474e+01
5.165829145728643113e+01 6.512562814070351180e+01
4.030150753768844396e+01 6.241206030150753747e+01
5.356783919597990007e+01 7.688442211055276232e+01
5.738693467336683796e+01 6.663316582914572450e+01
5.919597989949748751e+01 6.120603015075376874e+01
5.105527638190955031e+01 6.763819095477387577e+01
4.643216080402009993e+01 7.075376884422109924e+01
5.366834170854271235e+01 7.386934673366833692e+01
5.457286432160803713e+01 6.703517587939698785e+01
5.678391959798995003e+01 6.934673366834171304e+01
4.020100502512562457e+01 7.577889447236181297e+01
5.547738693467336901e+01 6.673366834170853679e+01
5.386934673366834403e+01 6.582914572864321201e+01
4.954773869346733761e+01 7.738693467336683796e+01
4.522613065326633119e+01 6.994974874371858675e+01
5.979899497487437543e+01 7.276381909547738758e+01
4.934673366834170594e+01 6.321608040201004997e+01
4.870197284966707230e+01 7.168341994285583496e+01
5.312675517052412033e+01 7.976807994768023491e+01
4.467108985409140587e+01 7.050541946664452553e+01
4.292135434225201607e+01 6.221449691802263260e+01
6.000000000000000000e+01 7.638739982768393588e+01
5.141478240489959717e+01 6.006888523697853088e+01
5.954552622511982918e+01 6.688185662031173706e+01
4.018958780914545059e+01 7.467100359499454498e+01
4.352641513571143150e+01 7.938187189400196075e+01
5.779721699655056000e+01 6.479667890816926956e+01
5.759140458851332056e+01 6.000000000000000000e+01
5.608568534255027771e+01 6.647007483989000320e+01
5.484125298538767623e+01 6.069736998990960331e+01
5.987287867814302444e+01 7.007067078724503517e+01
4.991705648601055145e+01 7.509049182757735252e+01
4.940702967345714569e+01 6.568291891366243362e+01
5.773637018101820928e+01 6.453649279732610466e+01
5.189141854643821716e+01 7.057386783882975578e+01
4.420386537893058687e+01 8.000000000000000000e+01
5.725656356662511826e+01 6.800853390246629715e+01
5.653464110067078252e+01 6.392151089284590881e+01
5.949909605085849762e+01 6.151297492906451225e+01
4.741727374494075775e+01 7.262386459857225418e+01
4.430668757976351202e+01 7.903914723450334634e+01
4.440526230092245186e+01 7.965357291430002817e+01
4.842061009258031845e+01 6.768037674948573112e+01
5.954184437170624733e+01 7.825201457366347313e+01
5.102831628173589706e+01 6.816915757954120636e+01
4.309193171560764313e+01 7.372007044032216072e+01
4.105161696672439575e+01 6.123473007231950760e+01
5.408680019571259123e+01 6.222222464915115125e+01
5.981563566142929034e+01 6.782700439027122741e+01
5.448982430621981621e+01 7.953395495191216469e+01
5.996099060330779196e+01 7.684921518517529648e+01
4.000000000000000000e+01 8.000000000000000000e+01
5.028633602844271877e+01 6.013589478026252522e+01
4.176034017953404032e+01 7.921614603989317516e+01
5.856727453640034753e+01 6.837554084186538716e+01
4.000000000000000000e+01 6.590514445572856062e+01
5.737364394522670352e+01 6.374657563814804462e+01
4.011351761746639255e+01 7.422712058334577989e+01
5.775175482034683228e+01 6.245706539601087570e+01
4.118419578298926353e+01 7.568177264183759689e+01
4.048973135650157928e+01 7.858835373073816299e+01
5.235486248508095741e+01 7.293828187510371208e+01
5.342184750615107447e+01 6.421402319039839313e+01
5.854073786801415480e+01 6.749789043784376474e+01
5.943814933880213403e+01 6.809199877384460819e+01
4.414819400398015148e+01 7.941123182140761116e+01
4.064191326498985291e+01 6.386919779703021049e+01
5.457160253710343056e+01 6.331576114171245706e+01
4.211055276381909351e+01 6.592964824120602430e+01
5.467336683417084942e+01 7.547738693467336191e+01
5.517587939698492505e+01 7.628140703517587440e+01
4.914572864321608137e+01 7.527638190954773734e+01
5.407035175879396860e+01 7.889447236180905065e+01
5.115577889447236259e+01 7.929648241206029979e+01
5.226130653266331905e+01 6.221105527638191290e+01
4.110552763819095645e+01 6.291457286432160600e+01
4.613065326633165597e+01 6.522613065326633830e+01
4.653266331658291222e+01 6.080402010050251249e+01
4.251256281407034976e+01 7.608040201005024983e+01
5.336683417085426839e+01 7.909547738693467522e+01
4.894472361809044969e+01 6.834170854271356177e+01
5.839195979899497502e+01 6.030150753768844396e+01
5.447236180904522485e+01 6.874371859296482512e+01
5.819095477386935045e+01 7.497487437185930048e+01
4.874371859296482512e+01 6.000000000000000000e+01
5.326633165829145611e+01 7.728643216080402567e+01
5.185929648241206280e+01 7.366834170854271235e+01
4.160804020100502498e+01 7.859296482412059959e+01
5.427135678391960028e+01 6.110552763819095645e+01
5.889447236180904355e+01 7.778894472361808710e+01
4.412060301507537474e+01 6.060301507537688792e+01
4.351758793969849393e+01 6.402010050251256246e+01
5.286432160804019986e+01 6.341708542713567454e+01
4.281407035175879372e+01 7.125628140703517488e+01
5.929648241206029979e+01 7.145728643216079945e+01
4.482412060301507495e+01 7.748743718592965024e+01
5.859296482412059959e+01 6.864321608040201284e+01
5.809045226130653106e+01 7.216080402010049966e+01
4.331658291457286225e+01 7.326633165829146321e+01
5.748743718592965024e+01 7.316582914572863672e+01
4.673366834170854389e+01 7.557788944723617419e+01
4.010050251256281229e+01 6.743718592964823699e+01
4.050251256281406853e+01 6.562814070351758744e+01
4.864321608040201284e+01 6.964824120603014990e+01
4.884422110552763741e+01 7.708542713567838689e+01
4.402010050251256246e+01 6.854271356783920055e+01
5.939698492462311208e+01 6.050251256281406853e+01
4.361809045226130621e+01 6.683417085427134907e+01
5.145728643216080656e+01 6.261306532663316204e+01
4.472361809045226266e+01 7.105527638190955031e+01
4.000000000000000000e+01 6.331658291457286225e+01
4.301507537688442540e+01 7.839195979899497502e+01
5.758793969849246253e+01 6.502512562814069952e+01
4.994974874371859386e+01 7.537688442211054962e+01
4.100502512562813706e+01 7.809045226130653816e+01
4.070351758793970021e+01 7.115577889447236259e+01
5.688442211055276232e+01 7.819095477386935045e+01
5.798994974874371877e+01 7.005025125628139904e+01
4.733668341708542471e+01 7.939698492462311208e+01
5.206030150753768737e+01 7.055276381909547467e+01
5.879396984924623126e+01 7.648241206030151318e+01
4.170854271356783727e+01 7.668341708542713775e+01
5.768844221105527481e+01 6.733668341708542471e+01
5.507537688442211277e+01 7.517587939698492505e+01
4.140703517587940041e+01 7.025125628140703782e+01
4.060301507537688792e+01 6.160804020100502498e+01
5.989949748743718771e+01 7.698492462311557460e+01
4.241206030150753747e+01 7.437185929648241256e+01
5.899497487437186294e+01 6.391959798994975017e+01
4.944723618090452533e+01 7.849246231155778730e+01
4.542713567839196287e+01 6.150753768844221270e+01
5.587939698492462526e+01 6.693467336683417557e+01
4.723618090452261242e+01 7.407035175879397570e+01
4.904522613065326908e+01 7.597989949748743754e+01
4.371859296482411850e+01 7.155778894472361173e+01
5.045226130653266239e+01 7.165829145728643823e+01
4.492462311557788723e+01 6.552763819095477515e+01
4.984924623115578157e+01 6.452261306532663809e+01
5.537688442211054962e+01 6.793969849246231263e+01
4.452261306532663099e+01 7.376884422110552464e+01
4.321608040201004997e+01 6.231155778894472519e+01
5.577889447236180587e+01 7.417085427135678799e+01
4.291457286432160600e+01 7.979899497487437543e+01
5.949748743718593147e+01 7.638190954773870089e+01
4.201005025125628123e+01 7.266331658291457529e+01
4.311557788944723768e+01 6.140703517587940041e+01
5.909547738693467522e+01 6.532663316582915058e+01
5.487437185929648109e+01 7.206030150753768737e+01
5.959798994974874375e+01 7.356783919597990007e+01
5.346733668341708778e+01 7.085427135678392574e+01
5.236180904522613133e+01 7.618090452261306211e+01
4.552763819095477515e+01 7.869346733668342608e+01
4.391959798994975017e+01 6.924623115577890076e+01
5.567839195979899358e+01 7.135678391959798716e+01
5.869346733668341898e+01 6.311557788944723768e+01
4.663316582914573161e+01 6.773869346733668806e+01
5.718592964824120628e+01 7.658291457286432546e+01
4.502512562814069952e+01 6.361809045226130621e+01
4.462311557788945038e+01 6.482412060301507495e+01
4.130653266331658102e+01 6.623115577889447536e+01
4.844221105527638116e+01 6.653266331658291222e+01
4.572864321608039972e+01 7.798994974874372588e+01
4.120603015075376874e+01 7.467336683417084942e+01
5.417085427135678088e+01 7.447236180904522485e+01
4.854271356783919344e+01 7.989949748743718771e+01
5.608040201005024983e+01 6.422110552763818703e+01
5.497487437185930048e+01 7.768844221105527481e+01
5.376884422110552464e+01 6.090452261306532478e+01
4.381909547738693789e+01 7.477386934673366170e+01
5.256281407035176301e+01 7.507537688442211277e+01
4.814070351758793720e+01 7.175879396984925052e+01
5.125628140703517488e+01 6.613065326633166308e+01
4.080402010050251249e+01 6.020100502512562457e+01
4.221105527638191290e+01 6.432160804020099931e+01
5.135678391959798716e+01 8.000000000000000000e+01
4.532663316582914348e+01 6.723618090452261242e+01
5.155778894472361884e+01 6.170854271356783727e+01
5.276381909547738758e+01 6.824120603015074948e+01
5.638190954773869379e+01 7.969849246231156314e+01
6.000000000000000000e+01 6.492462311557788723e+01
4.271356783919598143e+01 7.718592964824119917e+01
4.422110552763819413e+01 6.442211055276382581e+01
4.592964824120603140e+01 7.195979899497487509e+01
5.597989949748743754e+01 6.100502512562813706e+01
5.708542713567839400e+01 6.070351758793970021e+01
5.698492462311557460e+01 7.587939698492462526e+01
4.562814070351758744e+01 7.306532663316582443e+01
5.829145728643216273e+01 7.949748743718592436e+01
5.246231155778894362e+01 6.010050251256281229e+01
4.753768844221105638e+01 7.296482412060301215e+01
5.306532663316583154e+01 6.271356783919598143e+01
5.849246231155778730e+01 6.643216080402009993e+01
5.005025125628140614e+01 6.251256281407034976e+01
4.633165829145728765e+01 6.211055276381909351e+01
5.216080402010049966e+01 6.381909547738693789e+01
4.974874371859296218e+01 7.346733668341708778e+01
4.442211055276381870e+01 7.567839195979900069e+01
4.743718592964824410e+01 6.633165829145728765e+01
4.783919597989950034e+01 6.814070351758793720e+01
4.180904522613064955e+01 7.427135678391960028e+01
4.432160804020100642e+01 7.879396984924622416e+01
4.512562814070351891e+01 7.396984924623114921e+01
4.924623115577889365e+01 7.336683417085427550e+01
4.964824120603014990e+01 6.572864321608039972e+01
5.025125628140703782e+01 7.286432160804019986e+01
4.040201005025125625e+01 7.919597989949748751e+01
4.834170854271356887e+01 7.045226130653266239e+01
5.075376884422110635e+01 7.457286432160803713e+01
4.804020100502512491e+01 7.829145728643216273e+01
5.788944723618090649e+01 6.190954773869346894e+01
5.648241206030150607e+01 6.472361809045226266e+01
5.266331658291457529e+01 7.185929648241206280e+01
4.693467336683416846e+01 6.894472361809044969e+01
4.090452261306532478e+01 6.884422110552763741e+01
5.728643216080401857e+01 6.371859296482411850e+01
4.150753768844221270e+01 6.130653266331658102e+01
5.618090452261306211e+01 6.603015075376885079e+01
5.628140703517588150e+01 7.015075376884422553e+01
5.477386934673366881e+01 7.959798994974875086e+01
5.085427135678391863e+01 7.095477386934673802e+01
5.527638190954773734e+01 6.954773869346733761e+01
5.668341708542713775e+01 6.301507537688442540e+01
4.763819095477386867e+01 6.462311557788945038e+01
5.015075376884421843e+01 6.914572864321607426e+01
5.396984924623115631e+01 7.035175879396985010e+01
4.190954773869346894e+01 6.844221105527638827e+01
5.316582914572864382e+01 7.487437185929648820e+01
5.055276381909547467e+01 6.753768844221104928e+01
4.582914572864321201e+01 6.040201005025125625e+01
4.231155778894472519e+01 6.804020100502512491e+01
5.778894472361808710e+01 7.065326633165828696e+01
4.683417085427135618e+01 6.180904522613064955e+01
5.175879396984924341e+01 6.783919597989950034e+01
4.793969849246231263e+01 7.899497487437186294e+01
5.195979899497487509e+01 7.236180904522612423e+01
4.773869346733668095e+01 6.904522613065326198e+01
5.296482412060301215e+01 7.246231155778895072e+01
4.261306532663316204e+01 7.226130653266331194e+01
4.713567839195980014e+01 7.788944723618089938e+01
5.557788944723618130e+01 6.542713567839196287e+01
4.603015075376884369e+01 6.974874371859296218e+01
5.035175879396985010e+01 6.351758793969849393e+01
5.969849246231156314e+01 6.984924623115577447e+01
5.095477386934673802e+01 6.201005025125628123e+01
4.341708542713567454e+01 6.281407035175879372e+01
5.437185929648241256e+01 6.944723618090452533e+01
5.065326633165829406e+01 7.678391959798995003e+01
5.658291457286432546e+01 7.256281407035176301e+01
4.703517587939698785e+01 7.758793969849246253e+01
4.824120603015075659e+01 6.713567839195980014e+01
4.623115577889447536e+01 6.412060301507537474e+01
5.165829145728643113e+01 6.512562814070351180e+01
4.030150753768844396e+01 6.241206030150753747e+01
5.356783919597990007e+01 7.688442211055276232e+01
5.738693467336683796e+01 6.663316582914572450e+01
5.919597989949748751e+01 6.120603015075376874e+01
5.105527638190955031e+01 6.763819095477387577e+01
4.643216080402009993e+01 7.075376884422109924e+01
5.366834170854271235e+01 7.386934673366833692e+01
5.457286432160803713e+01 6.703517587939698785e+01
5.678391959798995003e+01 6.934673366834171304e+01
4.020100502512562457e+01 7.577889447236181297e+01
5.547738693467336901e+01 6.673366834170853679e+01
5.386934673366834403e+01 6.582914572864321201e+01
4.954773869346733761e+01 7.738693467336683796e+01
4.522613065326633119e+01 6.994974874371858675e+01
5.979899497487437543e+01 7.276381909547738758e+01
4.934673366834170594e+01 6.321608040201004997e+01
5.313951110839843750e+01 7.472003173828125000e+01
5.543978118896484375e+01 6.504966735839843750e+01
4.942038345336914062e+01 6.210094070434570312e+01
4.657443618774414062e+01 7.484822082519531250e+01
4.092910385131835938e+01 6.854248809814453125e+01
5.874085998535156250e+01 6.304003143310546875e+01
4.065352249145507812e+01 6.145152664184570312e+01
5.777523040771484375e+01 7.705080413818359375e+01
5.832201385498046875e+01 6.889125061035156250e+01
4.836757278442382812e+01 6.884241485595703125e+01
4.636205291748046875e+01 6.895900726318359375e+01
4.452873229980468750e+01 7.754623413085937500e+01
5.242504882812500000e+01 7.325271606445312500e+01
5.313367080688476562e+01 7.446219635009765625e+01
5.406939697265625000e+01 6.575875854492187500e+01
4.265683364868164062e+01 7.890782165527343750e+01
4.504440307617187500e+01 7.201803588867187500e+01
5.786945343017578125e+01 6.337593078613281250e+01
4.655697631835937500e+01 7.682920837402343750e+01
4.601974105834960938e+01 7.279490661621093750e+01
4.174928665161132812e+01 7.668247985839843750e+01
4.250430297851562500e+01 6.771270751953125000e+01
4.541445159912109375e+01 7.317321014404296875e+01
5.969932556152343750e+01 6.197285461425781250e+01
4.883112335205078125e+01 7.758229827880859375e+01
5.481870269775390625e+01 7.073674011230468750e+01
4.615370178222656250e+01 7.144500732421875000e+01
4.384715270996093750e+01 6.422757720947265625e+01
4.925336456298828125e+01 6.019699859619140625e+01
5.349668121337890625e+01 6.452086639404296875e+01
4.716578674316406250e+01 7.182861328125000000e+01
4.846040344238281250e+01 6.253202438354492188e+01
5.007377624511718750e+01 6.510910034179687500e+01
5.622083663940429688e+01 7.782144165039062500e+01
5.980210876464843750e+01 6.581230926513671875e+01
5.993897247314453125e+01 7.480043792724609375e+01
5.390122985839843750e+01 7.879954528808593750e+01
4.203813934326171875e+01 7.602215576171875000e+01
5.816560363769531250e+01 7.886964416503906250e+01
4.646497344970703125e+01 7.016793823242187500e+01
5.179523086547851562e+01 7.471028900146484375e+01
5.193312835693359375e+01 7.504664611816406250e+01
4.567107391357421875e+01 6.065784072875976562e+01
5.341021728515625000e+01 7.766880798339843750e+01
5.647831726074218750e+01 6.690245819091796875e+01
4.930852508544921875e+01 7.588800811767578125e+01
5.096996688842773438e+01 7.018775177001953125e+01
5.379516601562500000e+01 6.311249923706054688e+01
4.161528396606445312e+01 6.828466033935546875e+01
5.637389755249023438e+01 6.342528915405273438e+01
5.639035415649414062e+01 7.916178894042968750e+01
